211201
211202
211203
211204
211205
211206
211207_1
211208_2
211209_3
211210_4
211211_5
211212_6

4147890000000000254A1
4147890000000000254A2
4147890000000000254A3
4141789000000000254B1
4141789000000000254B2
4141789000000000254B3

0107890000000017
0107890000000024
0107890000000031
0107890000000048
0107890000000055
0107890000000062


455
456
457
458
459
460
461
462
463
464
465
466
467
468
469
470
471
472
473
474
475
476
477
478
479
480
481
482
483
484
485
486
487
488
489
490
491
492
493
494
495
496
497
498
499
500
501
502
503
504
505
506
507
508
509
510
511
512
513
514
515
516
517
518
519
520
521
522
523
524
525
526
527
528
529
530
531
532
533
534
535
536
537
538
539
540
541
542
543
544
545
546
547
548
549
550
551
552
553
554
555
556
557
558
559
560
561
562
563
564
565
566
567
568
569
570
571
572
573
574
575
576
577
578
579
580
581
582
583
584
585
586
587
588



20220929000253
20220926000047
20220929000178
20220926000278
20220921000175
20221018000071
20220927000002
20220830000393
20221018000065
20220902000313
20221018000085
20220819000255
20220908000121
20220916000252
20220922000110
20220823000363
20220824000389
20220628000211
20220819000255
20221005000089
20220824000236
20220722000013
20220729000208


