211201
211202
211203
211204
211205
211206
0107890000000017
0107890000000024
0107890000000031
0107890000000048
0107890000000055
0107890000000062



20220929000253
20220926000047
20220929000178
20220926000278
20220921000175
20221018000071
20220927000002
20220830000393
20221018000065
20220902000313
20221018000085
20220819000255
20220908000121
20220916000252
20220922000110
20220823000363
20220824000389
20220628000211
20220819000255
20221005000089
20220824000236
20220722000013
20220729000208

